#UNKNOWN ->Size:244 1 1 Sigma:1 Z:0 Moni:1 Xtit:Energy Transfer (meV) Ytit:y_pixel_offset mm Ztit:y_pixel_offset mm y:9.36324
# Call is w1=read_column('D:\Users\pelican\lambda\Ling\CoSb_Q_1p5_0p05K', header=2)
      -11.69580   3.101370E-005   2.586175E-005
      -11.58605   3.343500E-005   2.600606E-005
      -11.47747   3.561239E-005   2.546087E-005
      -11.37004   6.981030E-005   2.521276E-005
      -11.26375   5.140305E-005   2.662628E-005
      -11.15858   1.195211E-006   2.613940E-005
      -11.05450   2.611426E-005   2.816210E-005
      -10.95152   3.514173E-005   2.854691E-005
      -10.84961   1.441171E-005   3.004692E-005
      -10.74876   6.139132E-006   3.176775E-005
      -10.64895   3.020310E-005   3.052605E-005
      -10.55017   2.102003E-005   3.141523E-005
      -10.45241   7.323686E-005   3.328804E-005
      -10.35564   3.775935E-005   3.265418E-005
      -10.25987   6.703586E-005   3.526485E-005
      -10.16507   3.816914E-005   3.496979E-005
      -10.07122   2.862626E-005   3.557745E-005
      -9.978333   1.005403E-005   3.652095E-005
      -9.886372   2.261697E-005   3.669327E-005
      -9.795340  -3.325957E-005   3.779435E-005
      -9.705214    0.0001107471   3.990897E-005
      -9.615986    0.0001439204   4.186585E-005
      -9.527647   6.255172E-006   3.841941E-005
      -9.440180   1.579694E-005   4.043058E-005
      -9.353579   6.668540E-005   4.102722E-005
      -9.267830   2.908947E-005   4.240979E-005
      -9.182919   2.299349E-005   4.134350E-005
      -9.098839   3.598200E-005   4.348718E-005
      -9.015579   5.858490E-005   4.424835E-005
      -8.933126   4.419991E-005   4.456742E-005
      -8.851475   7.459237E-005   4.621352E-005
      -8.770605   4.283509E-005   4.418825E-005
      -8.690519   3.526591E-005   4.561615E-005
      -8.611197  -6.482053E-005   4.475610E-005
      -8.532633   2.458447E-005   4.851187E-005
      -8.454821   2.709801E-005   4.918647E-005
      -8.377741  -3.277703E-005   4.771371E-005
      -8.301394   9.872647E-005   5.148790E-005
      -8.225767   7.602604E-005   4.997540E-005
      -8.150852   1.365964E-005   5.001947E-005
      -8.076641   7.204734E-005   5.123579E-005
      -8.003120  -1.074956E-005   5.690738E-005
      -7.930287   4.481243E-005   5.327920E-005
      -7.858129   3.127360E-005   5.593165E-005
      -7.786640   6.677145E-005   5.631081E-005
      -7.715810  -1.865831E-005   5.374693E-005
      -7.645631   7.810150E-005   6.048235E-005
      -7.576099   1.026100E-005   5.588525E-005
      -7.507201   -0.0001226166   5.287162E-005
      -7.438930   7.475597E-005   6.003629E-005
      -7.371283   1.632528E-005   5.940024E-005
      -7.304245  -9.921545E-007   6.253212E-005
      -7.237815   1.234250E-005   6.567590E-005
      -7.171986   6.012109E-005   6.205535E-005
      -7.106744   9.873621E-005   6.407166E-005
      -7.042089    0.0001016376   6.783768E-005
      -6.978011    0.0002231677   6.993188E-005
      -6.914503   4.295778E-005   6.604213E-005
      -6.851558   1.847854E-005   6.805847E-005
      -6.789171  -5.921922E-005   6.910371E-005
      -6.727334   6.286099E-005   6.979833E-005
      -6.666042  -3.011506E-005   6.912470E-005
      -6.605287   6.584030E-005   7.524365E-005
      -6.545063    0.0001050388   7.491739E-005
      -6.485363   1.004515E-005   7.058947E-005
      -6.426186    0.0001598925   7.193912E-005
      -6.367521  -2.740908E-005   7.299538E-005
      -6.309360   5.545107E-006   7.691857E-005
      -6.251704  -1.343566E-005   7.063752E-005
      -6.194541   3.307513E-006   8.217785E-005
      -6.137870   3.437168E-005   8.090353E-005
      -6.081684   5.566559E-005   7.748729E-005
      -6.025975    0.0001030531   7.707403E-005
      -5.970739   9.821342E-005   8.105522E-005
      -5.915972  -4.663616E-005   8.227369E-005
      -5.861668    0.0001745430   8.315287E-005
      -5.807822   3.783026E-005   8.758342E-005
      -5.754428  -4.271478E-005   8.358929E-005
      -5.701482   -0.0001225801   8.220162E-005
      -5.648978   8.456221E-005   9.019110E-005
      -5.596912   4.186630E-005   9.399885E-005
      -5.545278    0.0002549402   8.598241E-005
      -5.494071   6.919376E-005   8.790824E-005
      -5.443290  -8.260994E-006   9.297490E-005
      -5.392927  -1.807540E-005   7.852074E-005
      -5.321464   -0.0001310778   6.307765E-005
      -5.250000   9.452006E-006   7.611766E-005
      -5.200000   1.652700E-005   8.633363E-005
      -5.150000    0.0001006964   8.577214E-005
      -5.100000  -8.106050E-006   9.306982E-005
      -5.050000    0.0001093599   9.170065E-005
      -5.000000   -0.0001388944   8.380626E-005
      -4.950000   -0.0002498621   8.210153E-005
      -4.900000   -0.0001304226   7.911790E-005
      -4.850000  -1.921876E-005   7.485127E-005
      -4.800000   9.032199E-005   7.406856E-005
      -4.750000   6.196733E-005   7.375146E-005
      -4.700000   1.779352E-005   8.012271E-005
      -4.650000  -9.292547E-005   8.371556E-005
      -4.600000   4.845956E-007   9.896617E-005
      -4.550000  -8.633422E-005   9.419675E-005
      -4.500000  -8.255139E-005   8.014021E-005
      -4.450000   7.245145E-005   8.410366E-005
      -4.400000  -3.258981E-005   8.274390E-005
      -4.350000  -8.510625E-005   8.899705E-005
      -4.300000    0.0001580538   9.313664E-005
      -4.250000   7.147108E-005   8.667927E-005
      -4.200000   6.122352E-005   8.865027E-005
      -4.150000   2.616941E-005   8.718869E-005
      -4.100000    0.0001194091    0.0001009134
      -4.050000    0.0001445600   9.957679E-005
      -4.000000   4.680572E-005   9.033185E-005
      -3.950000   4.979503E-005   9.924562E-005
      -3.900000    0.0001238391    0.0001049000
      -3.850000   9.469039E-006    0.0001013937
      -3.800000  -3.770090E-005   9.366513E-005
      -3.750000   8.543568E-005    0.0001140257
      -3.700000    0.0001002169    0.0001007669
      -3.650000   7.456527E-005    0.0001039186
      -3.600000   4.796375E-005    0.0001081497
      -3.550000   4.392587E-005    0.0001020455
      -3.500000   5.491374E-005    0.0001106787
      -3.450000    0.0001078090    0.0001024533
      -3.400000   8.908823E-005    0.0001149793
      -3.350000    0.0001253159    0.0001133070
      -3.300000   3.469021E-005    0.0001174602
      -3.250000   5.567959E-005    0.0001128071
      -3.200000  -1.816357E-005    0.0001066325
      -3.150000   -0.0002057299    0.0001210070
      -3.100000    0.0001053029    0.0001099661
      -3.050000  -3.202260E-005    0.0001133534
      -3.000000  -5.429581E-005    0.0001180699
      -2.950000    0.0001171451    0.0001222578
      -2.900000   7.724311E-005    0.0001129987
      -2.850000   5.097456E-005    0.0001187734
      -2.800000    0.0002503552    0.0001236942
      -2.750000  -6.563895E-005    0.0001208158
      -2.700000    0.0001330476    0.0001307783
      -2.650000    0.0001824013    0.0001239726
      -2.600000  -1.361684E-005    0.0001175566
      -2.550000   8.739745E-006    0.0001325225
      -2.500000   3.922873E-005    0.0001261309
      -2.450000  -4.539955E-005    0.0001243987
      -2.400000  -5.433760E-005    0.0001198324
      -2.350000   6.198477E-005    0.0001255542
      -2.300000   -0.0001711299    0.0001322201
      -2.250000   3.177106E-005    0.0001456293
      -2.200000   -0.0002830325    0.0001467549
      -2.150000  -7.668837E-005    0.0001405426
      -2.100000    0.0001352155    0.0001398767
      -2.050000  -3.981240E-005    0.0001291443
      -2.000000    0.0001010785    0.0001405552
      -1.950000   1.651007E-005    0.0001455793
      -1.900000   1.692756E-005    0.0001430300
      -1.850000  -6.901484E-005    0.0001537793
      -1.800000    0.0001534498    0.0001571763
      -1.750000    0.0002076416    0.0001591390
      -1.700000   1.360206E-006    0.0001575163
      -1.650000    0.0002592439    0.0001468546
      -1.600000   2.514176E-005    0.0001583022
      -1.550000  -8.075222E-005    0.0001569293
      -1.500000   -0.0002888633    0.0001587020
      -1.450000  -1.299132E-005    0.0001608807
      -1.400000    0.0001318614    0.0001581586
      -1.350000    0.0001999478    0.0001634280
      -1.300000    0.0001186349    0.0001615438
      -1.250000   2.185174E-005    0.0001748144
      -1.200000    0.0001575944    0.0001718699
      -1.150000   1.561479E-005    0.0001756312
      -1.100000    0.0001021459    0.0001745522
      -1.050000   3.579692E-005    0.0001770402
      -1.000000   7.026352E-005    0.0001844680
     -0.9500003   -0.0001120366    0.0001832745
     -0.9000001    0.0001108367    0.0001776545
     -0.8499999  -9.481791E-006    0.0001833927
     -0.8000002   2.738690E-005    0.0001825705
     -0.7500000    0.0003231666    0.0001885799
     -0.7000003    0.0004004827    0.0001926570
     -0.6500001    0.0003128731    0.0001950760
     -0.5999999   -0.0001021709    0.0002003698
     -0.5500002   7.966205E-005    0.0002069860
     -0.5000000    0.0002083384    0.0001986273
     -0.4500003   8.803409E-005    0.0002199551
     -0.4000001    0.0008161836    0.0002449261
     -0.3499999    0.0009829759    0.0002485807
     -0.3000002     0.001137617    0.0002744845
     -0.2500000     0.002628596    0.0003087551
     -0.2000003     0.009364592    0.0005267418
     -0.1500001      0.09704468     0.001415721
    -0.09999990       0.4489908     0.003016064
    -0.05000019       0.9859189     0.004579461
      0.0000000        1.221616     0.005096259
     0.04999971       0.8792355     0.004333466
     0.09999990       0.3562346     0.002902781
      0.1500001      0.07358186     0.001458637
      0.1999998      0.01100783    0.0006466480
      0.2500000     0.004479249    0.0004408753
      0.2999997     0.002567044    0.0003785121
      0.3499999     0.002725972    0.0003509720
      0.4000001     0.002174501    0.0003220529
      0.4499998     0.001545927    0.0003102006
      0.5000000     0.001343398    0.0003045768
      0.5499997     0.001372016    0.0003053473
      0.5999999     0.001451287    0.0002986214
      0.6500001     0.001556268    0.0003002427
      0.6999998     0.001396783    0.0003064066
      0.7500000     0.001660255    0.0003154252
      0.7999997     0.001221410    0.0003177364
      0.8499999     0.002252074    0.0003308433
      0.9000001     0.002107727    0.0003333698
      0.9499998     0.001444679    0.0003425562
       1.000000     0.001893834    0.0003446674
       1.050000     0.002413303    0.0003542840
       1.100000     0.002953250    0.0003626047
       1.150000     0.002304341    0.0003695289
       1.200000     0.001986533    0.0003600278
       1.250000     0.002839644    0.0003752977
       1.300000     0.002117035    0.0003901622
       1.350000     0.003500110    0.0004023578
       1.400000     0.002975040    0.0004158729
       1.450000     0.003322867    0.0004354876
       1.500000     0.003448603    0.0004397407
       1.550000     0.003480386    0.0004496220
       1.600000     0.002242036    0.0004524052
       1.650000     0.003388537    0.0004788139
       1.700000     0.003742727    0.0004878713
       1.750000     0.004486947    0.0005000339
       1.800000     0.004517908    0.0005154721
       1.850000     0.005983160    0.0005371833
       1.900000     0.005439603    0.0005590344
       1.950000     0.005008520    0.0005765893
       2.000000     0.004282778    0.0005906639
       2.050000     0.005451220    0.0006195891
       2.100000     0.006627526    0.0006452753
       2.150000     0.006207163    0.0006618729
       2.200000     0.006260557    0.0006875087
       2.250000     0.006420031    0.0007112418
       2.300000     0.005458770    0.0007291205
       2.350000     0.005504262    0.0007637858
       2.400000     0.005540774    0.0008051550
       2.450000     0.005729168    0.0008377297
       2.500000     0.006395829    0.0008934684
       2.550000     0.004932982    0.0009194680
       2.600000     0.002169965     0.001369847
