#UNKNOWN ->Size:65 1 1 Sigma:1 Z:1 Moni:1 Xtit:Energy Transfer (meV) Ytit:y_pixel_offset mm Ztit:y_pixel_offset mm y:9.36324
# Call is w1=read_column('D:\Users\pelican\lambda\Ling\CoSb_Q_0p4_0p05K', header=2)
      -1.750000    0.0001147649    0.0001816786      -0.4956055
      -1.700000    0.0001887912    0.0001594456        15.36377
      -1.650000   3.441964E-005    0.0001619426        31.22314
      -1.600000  -5.404919E-005    0.0001651215        47.08252
      -1.550000   4.023589E-005    0.0001751789        62.94189
      -1.500000    0.0001264276    0.0001759197        78.80127
      -1.450000   -0.0001007518    0.0001661492        94.66064
      -1.400000    0.0004833448    0.0001671005        110.5200
      -1.350000    0.0001556279    0.0001749803        126.3794
      -1.300000  -5.486590E-006    0.0001623893        142.2388
      -1.250000    0.0002659356    0.0001638381        158.0981
      -1.200000  -6.633561E-005    0.0001683471        173.9575
      -1.150000    0.0001965419    0.0001724101        189.8169
      -1.100000    0.0002070480    0.0001708576        205.6763
      -1.050000    0.0004341109    0.0001709240        221.5356
      -1.000000   -0.0001907741    0.0001679764        237.3950
     -0.9500003    0.0004223315    0.0001820840        253.2544
     -0.9000001    0.0003320714    0.0001942436        269.1138
     -0.8499999    0.0003518522    0.0001875329        284.9731
     -0.8000002  -9.111002E-005    0.0001816251        300.8325
     -0.7500000   5.917358E-005    0.0001878577        316.6919
     -0.7000003  -6.155181E-005    0.0001891079        332.5513
     -0.6500001    0.0001302048    0.0002002275        348.4106
     -0.5999999    0.0002635192    0.0002064878        364.2700
     -0.5500002    0.0003739184    0.0002139725        380.1294
     -0.5000000    0.0003141552    0.0002276739        395.9888
     -0.4500003    0.0004690791    0.0002447892        411.8481
     -0.4000001    0.0008425508    0.0002545484        427.7075
     -0.3499999     0.001485895    0.0002671715        443.5669
     -0.3000002     0.002223535    0.0002974380        459.4263
     -0.2500000     0.002267749    0.0003288927        475.2856
     -0.2000003     0.003254828    0.0003917790        491.1450
     -0.1500001      0.01821938    0.0007601027        507.0044
    -0.09999990       0.1542394     0.002189641        522.8638
    -0.05000019       0.5811137     0.004401223        538.7231
      0.0000000        1.073164     0.005882361        554.5825
     0.04999971       0.9382040     0.005479330        570.4419
     0.09999990       0.3790774     0.003526067        586.3013
      0.1500001      0.06626035     0.001536295        602.1606
      0.1999998      0.01146621    0.0007124390        618.0200
      0.2500000     0.006916993    0.0005449767        633.8794
      0.2999997     0.006073877    0.0004698317        649.7388
      0.3499999     0.005846831    0.0004282109        665.5981
      0.4000001     0.005843914    0.0004095199        681.4575
      0.4499998     0.006321840    0.0004027829        697.3169
      0.5000000     0.005982430    0.0003833149        713.1763
      0.5499997     0.005881578    0.0003758810        729.0356
      0.5999999     0.005609003    0.0003769074        744.8950
      0.6500001     0.006311668    0.0003807234        760.7544
      0.6999998     0.006989993    0.0003914366        776.6138
      0.7500000     0.007646276    0.0004041025        792.4731
      0.7999997     0.007531646    0.0004010951        808.3325
      0.8499999     0.006643527    0.0003996344        824.1919
      0.9000001     0.007757009    0.0004089688        840.0513
      0.9499998     0.008765463    0.0004283835        855.9106
       1.000000     0.009231203    0.0004313030        871.7700
       1.050000      0.01012738    0.0004295914        887.6294
       1.100000      0.01094529    0.0004445575        903.4888
       1.150000      0.01087865    0.0004421327        919.3481
       1.200000      0.01173823    0.0004564999        935.2075
       1.250000      0.01319369    0.0004789268        951.0669
       1.300000      0.01349156    0.0004962140        966.9263
       1.350000      0.01376845    0.0005123894        982.7856
       1.400000      0.01410298    0.0005400822        998.6450
       1.450000      0.01517875    0.0005711452        1014.504
