#UNKNOWN ->Size:142 1 1 Sigma:1 Z:0 Moni:1 Xtit:Energy Transfer (meV) Ytit:y_pixel_offset mm Ztit:y_pixel_offset mm y:9.36324
# Call is w1=read_column('D:\Users\pelican\lambda\Ling\CoSb_Q_0p75_0p05K', header=2)
      -4.450000   7.963213E-005   7.430542E-005
      -4.400000  -3.630504E-006   7.355624E-005
      -4.350000   4.962272E-005   8.100204E-005
      -4.300000   4.172580E-005   8.314418E-005
      -4.250000    0.0002432915   8.092123E-005
      -4.200000    0.0001205359   7.315593E-005
      -4.150000    0.0001351222   7.710213E-005
      -4.100000   3.081709E-005   8.888821E-005
      -4.050000  -2.133657E-005   8.328354E-005
      -4.000000   -0.0001196248   7.246979E-005
      -3.950000   8.428569E-005   8.399491E-005
      -3.900000    0.0001227642   8.793892E-005
      -3.850000   6.270115E-005   8.321832E-005
      -3.800000    0.0001026972   8.175649E-005
      -3.750000   8.816966E-005   8.582610E-005
      -3.700000    0.0001410767   8.761850E-005
      -3.650000   6.348081E-005   8.754153E-005
      -3.600000   5.453892E-005   8.900754E-005
      -3.550000   6.223340E-005   8.830602E-005
      -3.500000    0.0001139423    0.0001016138
      -3.450000    0.0002854209   9.958911E-005
      -3.400000    0.0001310569    0.0001013506
      -3.350000    0.0001204960    0.0001023716
      -3.300000    0.0001974455    0.0001004982
      -3.250000    0.0001501672   9.995428E-005
      -3.200000   7.834885E-005    0.0001070969
      -3.150000   9.186546E-005    0.0001042387
      -3.100000    0.0001191012    0.0001068355
      -3.050000    0.0003007902    0.0001128468
      -3.000000    0.0001333902    0.0001140634
      -2.950000   9.440034E-005    0.0001098899
      -2.900000   9.808883E-005    0.0001076088
      -2.850000   8.801422E-005    0.0001157103
      -2.800000   8.143925E-005    0.0001069325
      -2.750000    0.0001600037    0.0001155833
      -2.700000    0.0001959645    0.0001212969
      -2.650000   -0.0001836039    0.0001187065
      -2.600000  -8.264070E-005    0.0001172268
      -2.550000  -2.533954E-005    0.0001275523
      -2.500000   6.296599E-005    0.0001311035
      -2.450000    0.0001722787    0.0001261227
      -2.400000  -6.787928E-005    0.0001184534
      -2.350000   -0.0002435415    0.0001243734
      -2.300000   3.773918E-005    0.0001316746
      -2.250000  -8.478251E-005    0.0001353058
      -2.200000    0.0001207181    0.0001441938
      -2.150000  -6.791983E-005    0.0001402475
      -2.100000    0.0001149108    0.0001396378
      -2.050000  -6.559333E-005    0.0001432953
      -2.000000    0.0001276165    0.0001428596
      -1.950000    0.0001505814    0.0001440353
      -1.900000    0.0001391991    0.0001529807
      -1.850000   3.767794E-005    0.0001485579
      -1.800000    0.0002040413    0.0001552185
      -1.750000    0.0003688980    0.0001557951
      -1.700000   8.584745E-005    0.0001512415
      -1.650000   2.243305E-005    0.0001451993
      -1.600000    0.0004338539    0.0001562636
      -1.550000   7.974064E-005    0.0001675258
      -1.500000  -9.994704E-005    0.0001550921
      -1.450000  -3.653748E-005    0.0001559667
      -1.400000  -6.875359E-005    0.0001620107
      -1.350000    0.0001046376    0.0001686125
      -1.300000  -2.028157E-005    0.0001761053
      -1.250000  -4.017495E-005    0.0001654987
      -1.200000   5.769086E-005    0.0001772278
      -1.150000    0.0001849781    0.0001784912
      -1.100000    0.0001301525    0.0001719265
      -1.050000    0.0001991761    0.0001876327
      -1.000000    0.0004576659    0.0001734012
     -0.9500003    0.0001273362    0.0001807341
     -0.9000001    0.0003746816    0.0001964239
     -0.8499999   7.548535E-005    0.0001888723
     -0.8000002    0.0003329708    0.0001909415
     -0.7500000    0.0001426262    0.0001883000
     -0.7000003  -3.751224E-006    0.0001919937
     -0.6500001    0.0002972750    0.0002053849
     -0.5999999    0.0006604157    0.0002102752
     -0.5500002    0.0006270638    0.0002091541
     -0.5000000    0.0004426875    0.0002172237
     -0.4500003    0.0009119687    0.0002401511
     -0.4000001     0.001224750    0.0002607518
     -0.3499999     0.001858211    0.0002760989
     -0.3000002     0.002657048    0.0003110714
     -0.2500000     0.003383733    0.0003494040
     -0.2000003     0.007733921    0.0004454533
     -0.1500001      0.05529490     0.001056246
    -0.09999990       0.4023530     0.002806411
    -0.05000019        1.348036     0.005186359
      0.0000000        2.264966     0.006621511
     0.04999971        1.898847     0.006025411
     0.09999990       0.7602809     0.003892439
      0.1500001       0.1293050     0.001710271
      0.1999998      0.01772422    0.0007230695
      0.2500000     0.007972333    0.0005187824
      0.2999997     0.005732373    0.0004512826
      0.3499999     0.004298952    0.0004055644
      0.4000001     0.004328963    0.0003865091
      0.4499998     0.004223893    0.0003672080
      0.5000000     0.004271378    0.0003671325
      0.5499997     0.003396110    0.0003503169
      0.5999999     0.003211616    0.0003441131
      0.6500001     0.003787184    0.0003535960
      0.6999998     0.003629133    0.0003572430
      0.7500000     0.004093683    0.0003696856
      0.7999997     0.004141338    0.0003659774
      0.8499999     0.004469652    0.0003754339
      0.9000001     0.005263367    0.0003764224
      0.9499998     0.004872018    0.0003958734
       1.000000     0.005486159    0.0004040086
       1.050000     0.005227070    0.0003974792
       1.100000     0.005878604    0.0004135027
       1.150000     0.005731438    0.0004105015
       1.200000     0.006000069    0.0004212400
       1.250000     0.005975382    0.0004252635
       1.300000     0.006701702    0.0004432775
       1.350000     0.007691992    0.0004510696
       1.400000     0.007522784    0.0004712150
       1.450000     0.007751618    0.0004755618
       1.500000     0.008729111    0.0004909689
       1.550000     0.009530011    0.0005062429
       1.600000     0.009773890    0.0005214612
       1.650000     0.009044850    0.0005209122
       1.700000      0.01063436    0.0005432071
       1.750000      0.01063879    0.0005483668
       1.800000      0.01189228    0.0005701265
       1.850000      0.01119779    0.0005877527
       1.900000      0.01327882    0.0006055139
       1.950000      0.01345430    0.0006314270
       2.000000      0.01333804    0.0006409970
       2.050000      0.01442129    0.0006724061
       2.100000      0.01331511    0.0006817789
       2.150000      0.01528202    0.0006905484
       2.200000      0.01267931    0.0006976223
       2.250000      0.01226853    0.0007115699
       2.300000      0.01471948    0.0007393124
       2.350000      0.01411734    0.0007484970
       2.400000      0.01263362    0.0007574394
       2.450000      0.01252500    0.0007787549
       2.500000      0.01270343    0.0008061944
       2.550000      0.01292963    0.0008198984
       2.600000      0.01162117     0.001220211
