#UNKNOWN ->Size:222 1 1 Sigma:1 Z:0 Moni:1 Xtit:Energy Transfer (meV) Ytit:y_pixel_offset mm Ztit:y_pixel_offset mm y:9.36324
# Call is w1=read_column('D:\Users\pelican\lambda\Ling\CoSb_Q_1p3_0p05K', header=2)
      -9.527647   6.852321E-005   3.377305E-005
      -9.440180   1.089214E-005   3.380132E-005
      -9.353579   9.569249E-005   3.613457E-005
      -9.267830   8.037027E-005   3.485980E-005
      -9.182919   7.998369E-005   3.752567E-005
      -9.098839   9.558830E-006   3.615496E-005
      -9.015579   3.491859E-005   3.808882E-005
      -8.933126  -4.784705E-005   3.760606E-005
      -8.851475   3.181487E-005   3.908434E-005
      -8.770605  -2.363926E-005   3.919073E-005
      -8.690519   7.811675E-005   4.172081E-005
      -8.611197   5.313523E-005   4.305698E-005
      -8.532633   4.495089E-005   4.157308E-005
      -8.454821  -8.114537E-005   4.330154E-005
      -8.377741   7.314859E-005   4.546623E-005
      -8.301394   3.887751E-005   4.442495E-005
      -8.225767   5.648887E-005   4.361905E-005
      -8.150852   2.391600E-005   4.657039E-005
      -8.076641  -1.038176E-005   4.635820E-005
      -8.003120   3.715005E-005   5.280065E-005
      -7.930287    0.0001616740   5.178061E-005
      -7.858129   4.116168E-005   5.032765E-005
      -7.786640  -7.257428E-005   5.042965E-005
      -7.715810  -2.508103E-005   5.255892E-005
      -7.645631    0.0001008178   5.502117E-005
      -7.576099   4.700853E-005   5.651824E-005
      -7.507201    0.0001005943   5.394061E-005
      -7.438930    0.0001943513   6.023169E-005
      -7.371283   8.548357E-005   5.601176E-005
      -7.304245  -6.311794E-005   5.954809E-005
      -7.237815    0.0001145790   6.104413E-005
      -7.171986   5.702769E-005   5.954170E-005
      -7.106744   9.926882E-005   6.191862E-005
      -7.042089   7.586966E-005   6.381335E-005
      -6.978011    0.0001776413   6.125323E-005
      -6.914503    0.0001061579   6.481524E-005
      -6.851558  -3.866359E-005   6.375498E-005
      -6.789171   3.436799E-005   6.389986E-005
      -6.727334   1.378836E-005   6.650717E-005
      -6.666042   2.177272E-005   6.544266E-005
      -6.605287   2.466982E-005   6.842054E-005
      -6.545063   2.174278E-005   6.912505E-005
      -6.485363   5.704620E-005   6.951399E-005
      -6.426186    0.0001165092   6.937417E-005
      -6.367521   8.855229E-005   7.135867E-005
      -6.309360  -1.857322E-005   7.179391E-005
      -6.251704  -1.711932E-005   7.112077E-005
      -6.194541    0.0001178911   7.785603E-005
      -6.137870   2.302222E-005   7.524030E-005
      -6.081684  -3.465937E-005   7.246167E-005
      -6.025975   3.051570E-005   7.335463E-005
      -5.970739   2.677015E-005   8.168665E-005
      -5.915972    0.0001537392   7.464935E-005
      -5.861668  -9.015008E-006   7.430537E-005
      -5.807822    0.0001621416   8.347045E-005
      -5.754428   7.982050E-005   7.864153E-005
      -5.701482    0.0001980193   8.406177E-005
      -5.648978   3.425574E-005   8.559936E-005
      -5.596912  -8.857666E-006   8.198463E-005
      -5.545278  -4.338403E-005   8.533545E-005
      -5.494071   6.467829E-005   8.903722E-005
      -5.443290    0.0001423122   8.666032E-005
      -5.392927    0.0001372309   7.740063E-005
      -5.321464    0.0001000415   6.400433E-005
      -5.250000    0.0001255112   7.154080E-005
      -5.200000   2.808895E-005   8.005651E-005
      -5.150000    0.0001171780   8.948617E-005
      -5.100000  -4.262954E-005   8.920807E-005
      -5.050000   1.516736E-005   8.566787E-005
      -5.000000    0.0001601529   8.970805E-005
      -4.950000    0.0002039841   8.645353E-005
      -4.900000   6.301106E-005   8.255288E-005
      -4.850000   6.212293E-005   7.543679E-005
      -4.800000    0.0001919663   7.348423E-005
      -4.750000    0.0001453530   7.133984E-005
      -4.700000    0.0001435276   7.616387E-005
      -4.650000   9.945884E-005   8.246135E-005
      -4.600000    0.0001989112   9.350126E-005
      -4.550000    0.0001152668   9.914696E-005
      -4.500000  -1.789361E-006   8.776312E-005
      -4.450000   7.752451E-005   7.772535E-005
      -4.400000   3.081155E-005   7.769193E-005
      -4.350000  -3.131072E-005   8.436131E-005
      -4.300000   8.352265E-005   9.540657E-005
      -4.250000    0.0002348608   9.487564E-005
      -4.200000    0.0001080646   8.640201E-005
      -4.150000    0.0001387914   8.845256E-005
      -4.100000   9.469817E-005   9.491200E-005
      -4.050000   7.946700E-006   9.462314E-005
      -4.000000   4.542137E-005   8.920908E-005
      -3.950000   -0.0001051278   9.100934E-005
      -3.900000    0.0001079186   9.704345E-005
      -3.850000   6.357202E-005   9.296775E-005
      -3.800000   4.098840E-005   9.685781E-005
      -3.750000  -8.878396E-005   9.972231E-005
      -3.700000   7.451519E-005    0.0001013289
      -3.650000  -4.160581E-005    0.0001017618
      -3.600000  -7.505178E-005    0.0001086346
      -3.550000   9.208176E-005    0.0001012092
      -3.500000  -9.463070E-005    0.0001048093
      -3.450000   6.892443E-005    0.0001071760
      -3.400000    0.0001359268    0.0001105300
      -3.350000  -8.374311E-005    0.0001093315
      -3.300000   8.284530E-005    0.0001062858
      -3.250000   8.926902E-006    0.0001087778
      -3.200000   2.086272E-005    0.0001149450
      -3.150000   3.774806E-005    0.0001173968
      -3.100000   8.154144E-005    0.0001163858
      -3.050000    0.0002648103    0.0001176384
      -3.000000   -0.0001035938    0.0001138890
      -2.950000    0.0001271508    0.0001222538
      -2.900000    0.0001112527    0.0001181758
      -2.850000   9.947719E-005    0.0001247873
      -2.800000    0.0002412112    0.0001273395
      -2.750000   5.330232E-005    0.0001167589
      -2.700000  -5.825942E-006    0.0001279007
      -2.650000    0.0001889276    0.0001261935
      -2.600000    0.0002263829    0.0001228287
      -2.550000    0.0001822614    0.0001260490
      -2.500000  -9.082926E-005    0.0001307936
      -2.450000   -0.0001714896    0.0001206869
      -2.400000   4.599099E-005    0.0001278954
      -2.350000   1.439336E-005    0.0001315596
      -2.300000   -0.0003230304    0.0001304822
      -2.250000    0.0001040642    0.0001452495
      -2.200000  -8.242472E-005    0.0001468017
      -2.150000    0.0002313422    0.0001441606
      -2.100000   -0.0001312408    0.0001424514
      -2.050000   -0.0002496827    0.0001397552
      -2.000000    0.0003870217    0.0001406590
      -1.950000   8.444756E-005    0.0001492437
      -1.900000   -0.0001838086    0.0001479771
      -1.850000    0.0001792149    0.0001622392
      -1.800000   -0.0001109138    0.0001647211
      -1.750000    0.0001958476    0.0001617296
      -1.700000  -4.445444E-005    0.0001468975
      -1.650000  -3.226163E-005    0.0001484180
      -1.600000    0.0001138188    0.0001512978
      -1.550000   3.755701E-005    0.0001630422
      -1.500000   -0.0002183151    0.0001622513
      -1.450000    0.0001605278    0.0001586675
      -1.400000    0.0001600669    0.0001669902
      -1.350000    0.0001862651    0.0001729115
      -1.300000   -0.0002335479    0.0001726708
      -1.250000  -4.515530E-005    0.0001729183
      -1.200000    0.0002173533    0.0001766269
      -1.150000    0.0003421880    0.0001795803
      -1.100000  -6.767235E-005    0.0001724964
      -1.050000    0.0002626338    0.0001840261
      -1.000000    0.0002501913    0.0001763284
     -0.9500003  -1.847189E-005    0.0001830844
     -0.9000001   6.626506E-005    0.0001956229
     -0.8499999    0.0002462229    0.0001909120
     -0.8000002    0.0005712002    0.0001898663
     -0.7500000   8.986105E-005    0.0001893514
     -0.7000003    0.0002181704    0.0001989673
     -0.6500001   7.740010E-005    0.0001890371
     -0.5999999   5.108905E-005    0.0002007257
     -0.5500002   9.321162E-005    0.0002100253
     -0.5000000    0.0002775083    0.0002099366
     -0.4500003    0.0003006139    0.0002341940
     -0.4000001    0.0007938434    0.0002425787
     -0.3499999    0.0008706187    0.0002537859
     -0.3000002     0.001474189    0.0002809868
     -0.2500000     0.002276093    0.0003146220
     -0.2000003     0.009895513    0.0005081925
     -0.1500001       0.1005820     0.001384387
    -0.09999990       0.4359525     0.003008353
    -0.05000019        1.010425     0.004709934
      0.0000000        1.308021     0.005359137
     0.04999971       0.9602637     0.004637057
     0.09999990       0.3850129     0.003047024
      0.1500001      0.07661283     0.001455398
      0.1999998      0.01148524    0.0006400653
      0.2500000     0.005397684    0.0004604872
      0.2999997     0.002572038    0.0003745036
      0.3499999     0.002775162    0.0003477721
      0.4000001     0.001870869    0.0003374639
      0.4499998     0.001664523    0.0003178937
      0.5000000     0.001943460    0.0003121430
      0.5499997     0.002057363    0.0003099258
      0.5999999     0.001266785    0.0003070804
      0.6500001     0.001176207    0.0003066647
      0.6999998     0.001730317    0.0003183909
      0.7500000     0.001839487    0.0003179229
      0.7999997     0.001802660    0.0003254554
      0.8499999     0.002154446    0.0003304534
      0.9000001     0.001790640    0.0003343024
      0.9499998     0.002052408    0.0003460385
       1.000000     0.002635728    0.0003427557
       1.050000     0.002003799    0.0003539727
       1.100000     0.002684848    0.0003687382
       1.150000     0.001994506    0.0003697234
       1.200000     0.002921988    0.0003760544
       1.250000     0.002607075    0.0003802800
       1.300000     0.003013515    0.0004035905
       1.350000     0.002840388    0.0004015310
       1.400000     0.002963008    0.0004211054
       1.450000     0.003461183    0.0004282731
       1.500000     0.004079790    0.0004475310
       1.550000     0.003691849    0.0004551225
       1.600000     0.004123901    0.0004709374
       1.650000     0.004739283    0.0004828865
       1.700000     0.005190922    0.0004913830
       1.750000     0.004712379    0.0005034975
       1.800000     0.004846065    0.0005186664
       1.850000     0.004831200    0.0005405906
       1.900000     0.005624955    0.0005626294
       1.950000     0.005618947    0.0005842038
       2.000000     0.006135864    0.0006177967
       2.050000     0.006406109    0.0006353431
       2.100000     0.006806719    0.0006606359
       2.150000     0.007155420    0.0006796918
       2.200000     0.006323502    0.0006952928
       2.250000     0.006378075    0.0007292368
       2.300000     0.007392109    0.0007539499
       2.350000     0.005306077    0.0007748977
       2.400000     0.006907105    0.0008254732
       2.450000     0.006570320    0.0008382336
       2.500000     0.006784318    0.0008949930
       2.550000     0.006898614    0.0009440173
       2.600000     0.005654899     0.001415110
