#UNKNOWN ->Size:65 1 1 Sigma:1 Z:1 Moni:1 Xtit:Energy Transfer (meV) Ytit:y_pixel_offset mm Ztit:y_pixel_offset mm y:9.36324
# Call is w1=read_column('D:\Users\pelican\lambda\Ling\CoTe_0p05K_Q_0p40_1', header=2)
      -1.750000   -0.0001852961    0.0001703277      -0.4956055
      -1.700000    0.0002136562    0.0001788607        15.36377
      -1.650000    0.0001565913    0.0001929931        31.22314
      -1.600000   -0.0001786918    0.0001878666        47.08252
      -1.550000   1.285007E-006    0.0001745593        62.94189
      -1.500000   5.686956E-005    0.0001869802        78.80127
      -1.450000   -0.0001688233    0.0001802528        94.66064
      -1.400000    0.0003978111    0.0001772733        110.5200
      -1.350000    0.0004121530    0.0001976354        126.3794
      -1.300000    0.0001499155    0.0001785780        142.2388
      -1.250000    0.0001960257    0.0001749087        158.0981
      -1.200000    0.0003936842    0.0001926254        173.9575
      -1.150000    0.0002068655    0.0001871495        189.8169
      -1.100000    0.0002294840    0.0001800531        205.6763
      -1.050000    0.0006575315    0.0001938842        221.5356
      -1.000000    0.0002898884    0.0002013584        237.3950
     -0.9499998    0.0002108923    0.0001881165        253.2544
     -0.8999996  -6.546370E-005    0.0001903864        269.1138
     -0.8499999    0.0002816735    0.0002053103        284.9731
     -0.7999997   1.305688E-005    0.0002178001        300.8325
     -0.7500000    0.0005069601    0.0002274057        316.6919
     -0.6999998    0.0002602828    0.0002151951        332.5513
     -0.6499996   1.572643E-005    0.0002150523        348.4106
     -0.5999999   7.168961E-005    0.0002255273        364.2700
     -0.5499997    0.0003359428    0.0002462229        380.1294
     -0.5000000   5.506095E-006    0.0002545517        395.9888
     -0.4499998    0.0003688095    0.0002651947        411.8481
     -0.3999996    0.0006941961    0.0002641006        427.7075
     -0.3499999     0.001214115    0.0002912121        443.5669
     -0.2999997     0.001559507    0.0003166951        459.4263
     -0.2500000     0.001473806    0.0003467339        475.2856
     -0.1999998     0.002887171    0.0004268978        491.1450
     -0.1499996      0.01640200    0.0009285343        507.0044
    -0.09999990       0.1255591     0.002455392        522.8638
    -0.04999971       0.4229565     0.004599235        538.7231
      0.0000000       0.7202428     0.006129405        554.5825
     0.05000019       0.6317024     0.005828628        570.4419
      0.1000004       0.2625876     0.003764972        586.3013
      0.1500001      0.04561550     0.001612306        602.1606
      0.2000003     0.005652289    0.0007339357        618.0200
      0.2500000     0.002367920    0.0005235657        633.8794
      0.3000002     0.001370421    0.0004348329        649.7388
      0.3500004    0.0005649789    0.0003897142        665.5981
      0.4000001     0.001487804    0.0003805808        681.4575
      0.4500003    0.0009349030    0.0003440267        697.3169
      0.5000000     0.001133969    0.0003319441        713.1763
      0.5500002    0.0008211150    0.0003380013        729.0356
      0.6000004    0.0009254710    0.0003463115        744.8950
      0.6500001     0.001202120    0.0003434645        760.7544
      0.7000003     0.001904813    0.0003524824        776.6138
      0.7500000     0.001274182    0.0003358022        792.4731
      0.8000002     0.001675787    0.0003513923        808.3325
      0.8500004     0.001171873    0.0003617083        824.1919
      0.9000001     0.001507948    0.0003483761        840.0513
      0.9500003     0.001801259    0.0003559903        855.9106
       1.000000     0.001726961    0.0003578548        871.7700
       1.050000     0.002249817    0.0003626096        887.6294
       1.100000     0.002682480    0.0003764563        903.4888
       1.150000     0.002235834    0.0003741630        919.3481
       1.200000     0.002651805    0.0003901310        935.2075
       1.250000     0.003907834    0.0004149241        951.0669
       1.300000     0.003704099    0.0004274381        966.9263
       1.350000     0.003729257    0.0004398933        982.7856
       1.400000     0.003655676    0.0004578901        998.6450
       1.450000     0.004239023    0.0004808280        1014.504
