#UNKNOWN ->Size:223 1 1 Sigma:1 Z:0 Moni:1 Xtit:Energy Transfer (meV) Ytit:y_pixel_offset mm Ztit:y_pixel_offset mm y:9.36324
# Call is w1=read_column('D:\Users\pelican\lambda\Ling\CoTe_0p05K_Q_1p30_1', header=2)
      -9.570629    0.0001016812   3.822500E-005
      -9.482723   3.526325E-006   3.675321E-005
      -9.395682   7.446863E-005   3.859450E-005
      -9.309501   8.672971E-005   3.782480E-005
      -9.224168   7.518657E-005   4.033430E-005
      -9.139667   3.897362E-005   3.959848E-005
      -9.055991    0.0001066415   4.379472E-005
      -8.973130  -4.354369E-005   4.032855E-005
      -8.891072   5.610453E-005   4.278006E-005
      -8.809807   7.111763E-005   4.581872E-005
      -8.729324   2.531635E-005   4.307041E-005
      -8.649614   4.250734E-005   4.573453E-005
      -8.570667   1.380378E-005   4.378087E-005
      -8.492474  -3.709874E-006   4.922889E-005
      -8.415024   6.850476E-005   4.861375E-005
      -8.338305   7.235077E-005   4.900429E-005
      -8.262316   9.554844E-005   4.849630E-005
      -8.187041  -1.241459E-005   4.831704E-005
      -8.112472   3.326840E-005   5.125489E-005
      -8.038603  -4.552610E-005   5.344829E-005
      -7.965420   9.069147E-006   5.004113E-005
      -7.892920    0.0001277295   5.766035E-005
      -7.821095  -8.002650E-007   5.693967E-005
      -7.749928   4.953328E-006   5.757442E-005
      -7.679420   5.185184E-005   5.698333E-005
      -7.609561  -1.996691E-005   5.809431E-005
      -7.540341   2.327818E-005   5.410358E-005
      -7.471753   1.581803E-005   5.795649E-005
      -7.403790    0.0001180134   6.233888E-005
      -7.336445  -4.515515E-005   6.442448E-005
      -7.269709   2.855658E-005   6.284470E-005
      -7.203574   4.262404E-005   6.335747E-005
      -7.138035   5.254894E-006   6.322917E-005
      -7.073081  -6.501251E-005   6.208343E-005
      -7.008713    0.0001213442   6.441778E-005
      -6.944916   3.764991E-005   6.730690E-005
      -6.881684  -7.778039E-006   7.047418E-005
      -6.819016   4.357677E-005   6.892029E-005
      -6.756900  -3.750652E-005   6.898915E-005
      -6.695333   3.447145E-005   7.136718E-005
      -6.634307   1.145892E-005   7.292984E-005
      -6.573812    0.0001393815   7.902439E-005
      -6.513848   4.415154E-005   7.454280E-005
      -6.454406    0.0001141635   7.425658E-005
      -6.395480  -3.644624E-005   7.168018E-005
      -6.337066   4.952332E-005   8.050870E-005
      -6.279153   9.985043E-005   8.084220E-005
      -6.221742  -6.572406E-005   7.617431E-005
      -6.164822    0.0001306915   8.625731E-005
      -6.108387   5.932474E-005   8.240865E-005
      -6.052439    0.0001331150   8.352099E-005
      -5.996963  -5.531445E-005   8.434893E-005
      -5.941958    0.0001551263   8.105318E-005
      -5.887422   5.163177E-005   8.256581E-005
      -5.833342   4.557377E-005   8.542846E-005
      -5.779719    0.0001470089   8.803230E-005
      -5.726546    0.0001382814   8.888984E-005
      -5.673819   4.154097E-005   9.300780E-005
      -5.621531    0.0001107420   9.435004E-005
      -5.569678  -1.989000E-005   9.272880E-005
      -5.518255  -7.948798E-006   9.236117E-005
      -5.467258   2.779893E-005   8.809932E-005
      -5.416683   2.389181E-005   8.742513E-005
      -5.358341   9.025209E-005   7.659805E-005
      -5.300000    0.0001258911   7.678973E-005
      -5.250000    0.0002208235   7.595899E-005
      -5.200000    0.0001953552   7.700970E-005
      -5.150000   3.686581E-005   7.295133E-005
      -5.100000   6.924891E-005   7.340403E-005
      -5.050000    0.0001254294   7.448245E-005
      -5.000000    0.0001012222   7.597667E-005
      -4.950000   6.157430E-005   8.179064E-005
      -4.900000  -1.081436E-005   8.255327E-005
      -4.850000    0.0001146879   8.782536E-005
      -4.800000    0.0001521777   9.685490E-005
      -4.750000    0.0001539427   9.775363E-005
      -4.700000    0.0001322892   9.500817E-005
      -4.650000    0.0002810372   9.316315E-005
      -4.600000    0.0002463101   8.737059E-005
      -4.550000   6.718490E-005   8.682513E-005
      -4.500000   2.694953E-005   8.544095E-005
      -4.450000   9.896731E-005    0.0001019697
      -4.400000    0.0001086951    0.0001038127
      -4.350000    0.0001811461   9.957409E-005
      -4.300000    0.0001699312   8.975161E-005
      -4.250000    0.0002106313   9.444328E-005
      -4.200000   4.061164E-005    0.0001065057
      -4.150000    0.0001147721    0.0001056247
      -4.100000    0.0001721650   9.586751E-005
      -4.050000   7.215849E-005   9.631235E-005
      -4.000000    0.0001189558    0.0001114064
      -3.950000  -8.086725E-005    0.0001054535
      -3.900000   5.125324E-005   9.220979E-005
      -3.850000  -8.315838E-005    0.0001031786
      -3.800000   1.977459E-005    0.0001135038
      -3.750000  -1.632483E-005    0.0001021666
      -3.700000  -3.460588E-005    0.0001134834
      -3.650000   -0.0001972529    0.0001085971
      -3.600000  -7.305705E-005    0.0001071701
      -3.550000   4.303281E-005    0.0001131854
      -3.500000    0.0001207987    0.0001185693
      -3.450000   9.570225E-005    0.0001237029
      -3.400000   -0.0001075888    0.0001085035
      -3.350000  -9.594644E-005    0.0001147378
      -3.300000   1.490856E-005    0.0001108284
      -3.250000   -0.0001205700    0.0001137702
      -3.200000   -0.0002790040    0.0001142901
      -3.150000  -9.809222E-005    0.0001218148
      -3.100000    0.0001729360    0.0001221177
      -3.050000    0.0001660092    0.0001255176
      -3.000000  -7.924253E-005    0.0001267543
      -2.950000    0.0002423552    0.0001383514
      -2.900000    0.0001256019    0.0001357783
      -2.850000   3.596316E-005    0.0001240747
      -2.800000    0.0002161343    0.0001364753
      -2.750000   4.967406E-005    0.0001387409
      -2.700000   3.312971E-005    0.0001283259
      -2.650000    0.0001230093    0.0001372082
      -2.600000    0.0002456296    0.0001458355
      -2.550000    0.0002628822    0.0001362570
      -2.500000   5.155368E-005    0.0001326784
      -2.450000   3.318239E-005    0.0001443373
      -2.400000   -0.0002674248    0.0001458540
      -2.350000   4.997247E-005    0.0001487603
      -2.300000    0.0001067376    0.0001466389
      -2.250000    0.0002987368    0.0001459947
      -2.200000    0.0001805546    0.0001467805
      -2.150000   8.964750E-005    0.0001430923
      -2.100000   6.046707E-005    0.0001560506
      -2.050000   3.279259E-005    0.0001579413
      -2.000000    0.0004913999    0.0001554015
      -1.950000   -0.0001486982    0.0001549654
      -1.900000    0.0002592120    0.0001659501
      -1.850000    0.0001113861    0.0001616760
      -1.800000   6.989970E-005    0.0001674008
      -1.750000    0.0003239725    0.0001648369
      -1.700000   5.241748E-005    0.0001699720
      -1.650000    0.0001354046    0.0001818736
      -1.600000   4.146345E-005    0.0001689655
      -1.550000   -0.0001238026    0.0001612862
      -1.500000   -0.0002840021    0.0001748661
      -1.450000   1.548747E-005    0.0001686407
      -1.400000   7.424222E-005    0.0001773333
      -1.350000   -0.0001392903    0.0001786066
      -1.300000  -8.516615E-005    0.0001898850
      -1.250000    0.0002135301    0.0001879455
      -1.200000    0.0001185177    0.0001868192
      -1.150000    0.0002625296    0.0001927193
      -1.100000   9.057039E-005    0.0001901634
      -1.050000    0.0003885866    0.0001934630
      -1.000000    0.0002675123    0.0002019577
     -0.9499998   -0.0001528814    0.0001897526
     -0.8999996    0.0001263286    0.0002032831
     -0.8499999   9.842669E-005    0.0002087356
     -0.7999997    0.0002955237    0.0002148781
     -0.7500000    0.0003419406    0.0002209992
     -0.6999998   -0.0002232950    0.0002077714
     -0.6499996    0.0005199068    0.0002184979
     -0.5999999    0.0003086358    0.0002279673
     -0.5499997   -0.0004506648    0.0002248133
     -0.5000000    0.0001369885    0.0002401655
     -0.4499998    0.0004366402    0.0002600531
     -0.3999996    0.0006350444    0.0002548320
     -0.3499999    0.0008644695    0.0002809964
     -0.2999997    0.0009147046    0.0002964247
     -0.2500000     0.002132657    0.0003440362
     -0.1999998     0.008866793    0.0005593094
     -0.1499996      0.07815415     0.001610488
    -0.09999990       0.3507341     0.003276774
    -0.04999971       0.8465605     0.004943757
      0.0000000        1.105521     0.005726335
     0.05000019       0.8413820     0.005138575
      0.1000004       0.3691574     0.003454373
      0.1500001      0.07829671     0.001639122
      0.2000003      0.01152165    0.0007047463
      0.2500000     0.003270035    0.0004640607
      0.3000002     0.002581108    0.0003991624
      0.3500004     0.001554826    0.0003624827
      0.4000001    0.0002907041    0.0003362617
      0.4500003    0.0008325817    0.0003234133
      0.5000000     0.001110550    0.0003240149
      0.5500002    0.0006763889    0.0003246194
      0.6000004    0.0001654880    0.0003236955
      0.6500001    0.0003295840    0.0003322802
      0.7000003     0.001071138    0.0003396851
      0.7500000     0.001534833    0.0003399109
      0.8000002     0.001186183    0.0003465740
      0.8500004     0.001381570    0.0003529241
      0.9000001     0.001236499    0.0003524614
      0.9500003     0.001954537    0.0003677406
       1.000000     0.002450900    0.0003649198
       1.050000     0.001642202    0.0003798616
       1.100000     0.001619672    0.0003815781
       1.150000     0.002114060    0.0004055631
       1.200000     0.002572947    0.0004124815
       1.250000     0.002397173    0.0004169028
       1.300000     0.001816723    0.0004313143
       1.350000     0.002662477    0.0004418025
       1.400000     0.002012908    0.0004387239
       1.450000     0.002679084    0.0004458796
       1.500000     0.003296824    0.0004745087
       1.550000     0.002487921    0.0004815265
       1.600000     0.003657270    0.0005127139
       1.650000     0.003482573    0.0005128560
       1.700000     0.004530561    0.0005261842
       1.750000     0.004715200    0.0005518490
       1.800000     0.003790360    0.0005571916
       1.850000     0.004188011    0.0005846120
       1.900000     0.004019756    0.0005959597
       1.950000     0.004294019    0.0006218951
       2.000000     0.004557207    0.0006577817
       2.050000     0.005603573    0.0006860644
       2.100000     0.005635902    0.0007092306
       2.150000     0.004650761    0.0007174731
       2.200000     0.005511785    0.0007503910
       2.250000     0.005460025    0.0007873328
       2.300000     0.004315225    0.0007970365
       2.350000     0.005537792    0.0008481887
       2.400000     0.004822651    0.0008835893
       2.450000     0.005950140    0.0009085778
       2.500000     0.004227909    0.0009498862
       2.550000     0.005437707     0.001013873
       2.600000     0.006903416     0.001533262
