#UNKNOWN ->Size:142 1 1 Sigma:1 Z:0 Moni:1 Xtit:Energy Transfer (meV) Ytit:y_pixel_offset mm Ztit:y_pixel_offset mm y:9.36324
# Call is w1=read_column('D:\Users\pelican\lambda\Ling\CoTe_0p05K_Q_0p75_1', header=2)
      -4.450000   7.544826E-005   9.613364E-005
      -4.400000    0.0001733639    0.0001012192
      -4.350000    0.0001298265   8.926749E-005
      -4.300000    0.0001829693   7.912747E-005
      -4.250000    0.0002328750   8.187507E-005
      -4.200000  -8.218227E-006   8.802410E-005
      -4.150000  -4.765141E-005   8.942135E-005
      -4.100000   3.782243E-005   8.527437E-005
      -4.050000   7.608966E-005   8.306973E-005
      -4.000000    0.0001296354   9.850840E-005
      -3.950000   4.419905E-005   9.446335E-005
      -3.900000   8.004914E-005   8.557904E-005
      -3.850000  -5.242878E-006   9.027602E-005
      -3.800000    0.0002334950    0.0001005248
      -3.750000    0.0001824951   8.916939E-005
      -3.700000    0.0001303726    0.0001009786
      -3.650000    0.0001010545   9.961043E-005
      -3.600000   3.063335E-005   9.037070E-005
      -3.550000  -2.370037E-005   9.935951E-005
      -3.500000   9.527197E-005    0.0001045464
      -3.450000   7.392123E-005    0.0001006115
      -3.400000    0.0001167347    0.0001128321
      -3.350000   7.055518E-005    0.0001072233
      -3.300000    0.0001874263    0.0001071131
      -3.250000    0.0002421916    0.0001117450
      -3.200000  -1.958531E-006    0.0001143057
      -3.150000   9.021538E-005    0.0001135213
      -3.100000    0.0001819853    0.0001155721
      -3.050000    0.0002040375    0.0001213050
      -3.000000   2.284517E-005    0.0001200311
      -2.950000   4.080820E-005    0.0001188772
      -2.900000    0.0002063095    0.0001231093
      -2.850000    0.0001376241    0.0001206333
      -2.800000    0.0003459168    0.0001287481
      -2.750000   4.161344E-005    0.0001318065
      -2.700000   6.140393E-007    0.0001163560
      -2.650000  -8.232296E-005    0.0001318603
      -2.600000  -6.881819E-005    0.0001367129
      -2.550000   -0.0001912681    0.0001210903
      -2.500000   4.188275E-005    0.0001252227
      -2.450000    0.0001364246    0.0001425370
      -2.400000  -4.854191E-005    0.0001462026
      -2.350000   -0.0002252035    0.0001376975
      -2.300000   3.466606E-005    0.0001355521
      -2.250000   2.391368E-005    0.0001333908
      -2.200000    0.0002089412    0.0001419897
      -2.150000  -1.820719E-005    0.0001419458
      -2.100000    0.0002757024    0.0001539083
      -2.050000   -0.0002206734    0.0001488393
      -2.000000   4.694476E-005    0.0001542212
      -1.950000   1.893236E-005    0.0001508979
      -1.900000   4.040943E-005    0.0001558272
      -1.850000   4.416852E-005    0.0001479189
      -1.800000    0.0002124796    0.0001470704
      -1.750000    0.0003658727    0.0001644024
      -1.700000    0.0001718313    0.0001675261
      -1.650000  -3.390943E-005    0.0001670633
      -1.600000    0.0001914451    0.0001698413
      -1.550000    0.0001484527    0.0001732816
      -1.500000    0.0001690843    0.0001739772
      -1.450000   7.440436E-005    0.0001767018
      -1.400000    0.0005321505    0.0001903238
      -1.350000   9.035988E-005    0.0001831610
      -1.300000  -9.458143E-005    0.0001878951
      -1.250000    0.0004652438    0.0001951480
      -1.200000  -1.990296E-005    0.0001853842
      -1.150000   1.619530E-005    0.0001910054
      -1.100000    0.0001858967    0.0001872797
      -1.050000    0.0001306723    0.0001983724
      -1.000000    0.0005137986    0.0001998885
     -0.9499998    0.0003829871    0.0001970174
     -0.8999996  -6.731802E-005    0.0001958731
     -0.8499999    0.0003377034    0.0002162149
     -0.7999997    0.0003041938    0.0002201106
     -0.7500000    0.0003012013    0.0002180097
     -0.6999998    0.0002784494    0.0002221730
     -0.6499996    0.0001750683    0.0002227287
     -0.5999999    0.0005071245    0.0002274018
     -0.5499997    0.0006316488    0.0002380553
     -0.5000000    0.0004082705    0.0002503716
     -0.4499998    0.0006895948    0.0002583628
     -0.3999996    0.0006412434    0.0002672131
     -0.3499999     0.001019329    0.0002839742
     -0.2999997     0.001851089    0.0003285313
     -0.2500000     0.002745121    0.0003699748
     -0.1999998     0.005793490    0.0004669919
     -0.1499996      0.04043918     0.001225509
    -0.09999990       0.3147577     0.003023480
    -0.04999971        1.014451     0.005277363
      0.0000000        1.684891     0.006822535
     0.05000019        1.450129     0.006432769
      0.1000004       0.6032592     0.004228965
      0.1500001       0.1119566     0.001867400
      0.2000003      0.01383074    0.0007674437
      0.2500000     0.006275856    0.0005331700
      0.3000002     0.003079532    0.0004471188
      0.3500004     0.002651991    0.0004208498
      0.4000001     0.002565337    0.0003977908
      0.4500003     0.001996896    0.0003557663
      0.5000000     0.003012674    0.0003752119
      0.5500002     0.002818948    0.0003885084
      0.6000004     0.003051706    0.0003884417
      0.6500001     0.003367930    0.0003939010
      0.7000003     0.003638967    0.0004011989
      0.7500000     0.004270121    0.0004044282
      0.8000002     0.004417745    0.0004109256
      0.8500004     0.004500797    0.0004206872
      0.9000001     0.006196238    0.0004284552
      0.9500003     0.004931566    0.0004283683
       1.000000     0.005630547    0.0004348226
       1.050000     0.006391494    0.0004540436
       1.100000     0.006803205    0.0004685002
       1.150000     0.007092661    0.0004744463
       1.200000     0.007246277    0.0004896185
       1.250000     0.007573612    0.0004961796
       1.300000     0.007212653    0.0005041280
       1.350000     0.008654866    0.0005166777
       1.400000     0.008700851    0.0005295961
       1.450000     0.008318425    0.0005209189
       1.500000     0.008799165    0.0005359806
       1.550000      0.01007926    0.0005642968
       1.600000      0.01045499    0.0005904708
       1.650000     0.009658859    0.0005838389
       1.700000      0.01066059    0.0005977146
       1.750000      0.01099281    0.0006093602
       1.800000      0.01285110    0.0006437953
       1.850000     0.009354966    0.0006298122
       1.900000      0.01017127    0.0006370394
       1.950000      0.01120229    0.0006732551
       2.000000      0.01154674    0.0006880902
       2.050000      0.01194092    0.0007155472
       2.100000      0.01192912    0.0007362652
       2.150000      0.01204986    0.0007314908
       2.200000      0.01205218    0.0007610702
       2.250000      0.01214732    0.0007800099
       2.300000      0.01348336    0.0008035313
       2.350000      0.01137308    0.0008008356
       2.400000      0.01346429    0.0008352361
       2.450000      0.01239866    0.0008497870
       2.500000      0.01195223    0.0008724238
       2.550000      0.01273023    0.0008931257
       2.600000      0.01335732     0.001328650
