#UNKNOWN ->Size:245 1 1 Sigma:1 Z:0 Moni:1 Xtit:Energy Transfer (meV) Ytit:y_pixel_offset mm Ztit:y_pixel_offset mm y:9.36324
# Call is w1=read_column('D:\Users\pelican\lambda\Ling\CoTe_0p05K_Q_1p50_1', header=2)
      -11.75021   1.163558E-005   2.729521E-005
      -11.63987   2.860693E-006   2.727843E-005
      -11.53070   1.100952E-005   2.678070E-005
      -11.42269   5.767755E-005   2.694467E-005
      -11.31582   4.497332E-005   2.866304E-005
      -11.21008   7.789548E-005   3.101533E-005
      -11.10545   8.843618E-006   2.924906E-005
      -11.00191   3.835566E-005   3.082170E-005
      -10.89947  -3.127750E-006   3.147693E-005
      -10.79808  -2.357852E-005   3.279721E-005
      -10.69774   3.816663E-005   3.302801E-005
      -10.59844   4.879037E-005   3.480248E-005
      -10.50016   3.680978E-005   3.451667E-005
      -10.40289   5.900578E-005   3.619758E-005
      -10.30661  -9.820115E-006   3.516414E-005
      -10.21132   2.940487E-005   3.697553E-005
      -10.11699   3.468565E-005   3.823119E-005
      -10.02362  -6.513594E-005   3.646253E-005
      -9.931189   4.003706E-005   4.019137E-005
      -9.839684   2.459278E-005   4.282674E-005
      -9.749102   6.840921E-005   4.172675E-005
      -9.659420   1.544783E-005   4.002343E-005
      -9.570629   5.289254E-005   4.309235E-005
      -9.482723   3.313105E-005   4.447011E-005
      -9.395682    0.0001043019   4.573860E-005
      -9.309501  -2.133658E-006   4.442804E-005
      -9.224168   3.793212E-005   4.495211E-005
      -9.139667   3.013817E-005   4.696216E-005
      -9.055991   5.104979E-005   4.739472E-005
      -8.973130   5.497161E-006   4.653084E-005
      -8.891072   5.185805E-005   4.863055E-005
      -8.809807   8.436440E-005   4.976617E-005
      -8.729324  -1.998197E-005   4.686054E-005
      -8.649614   4.330674E-005   5.281430E-005
      -8.570667   1.483925E-005   5.169586E-005
      -8.492474   5.559108E-005   5.417667E-005
      -8.415024  -3.980448E-006   5.218403E-005
      -8.338305    0.0001188700   5.686070E-005
      -8.262316    0.0001574865   5.754515E-005
      -8.187041   7.022996E-005   5.666057E-005
      -8.112472   3.964967E-006   5.198894E-005
      -8.038603  -2.401836E-005   6.124626E-005
      -7.965420   3.535613E-005   5.653951E-005
      -7.892920   9.321879E-005   6.291752E-005
      -7.821095   8.103934E-005   6.126722E-005
      -7.749928    0.0001722885   6.604214E-005
      -7.679420  -1.735401E-005   6.178726E-005
      -7.609561   6.379288E-005   6.229545E-005
      -7.540341   3.950691E-005   6.431152E-005
      -7.471753   3.271176E-005   6.285375E-005
      -7.403790  -7.889869E-005   5.922382E-005
      -7.336445  -1.639723E-005   6.661999E-005
      -7.269709  -3.090344E-005   6.830524E-005
      -7.203574   7.128060E-005   6.724821E-005
      -7.138035   3.223417E-005   6.598845E-005
      -7.073081    0.0001597216   7.589670E-005
      -7.008713   4.854877E-005   6.844782E-005
      -6.944916   2.323350E-005   6.957106E-005
      -6.881684   3.930725E-005   7.431133E-005
      -6.819016  -9.516423E-006   7.644831E-005
      -6.756900   6.644329E-005   7.512122E-005
      -6.695333   8.700864E-005   8.000953E-005
      -6.634307  -4.731477E-005   7.655680E-005
      -6.573812  -3.587850E-005   7.483036E-005
      -6.513848    0.0001783175   8.400977E-005
      -6.454406    0.0001738494   7.809583E-005
      -6.395480   -0.0001137436   7.436959E-005
      -6.337066  -4.568081E-005   8.081074E-005
      -6.279153    0.0001378153   8.244398E-005
      -6.221742   -0.0001302058   8.275536E-005
      -6.164822  -2.099054E-005   8.440272E-005
      -6.108387   9.656996E-005   8.554385E-005
      -6.052439   3.082901E-005   8.074970E-005
      -5.996963   1.260047E-005   8.355329E-005
      -5.941958  -7.440592E-006   8.994399E-005
      -5.887422   6.837097E-005   8.606913E-005
      -5.833342  -8.018582E-005   8.810311E-005
      -5.779719    0.0001554158   9.868358E-005
      -5.726546   3.171268E-005   9.553749E-005
      -5.673819   6.401614E-005   9.708913E-005
      -5.621531   -0.0001363277   9.251813E-005
      -5.569678    0.0002121944   9.206271E-005
      -5.518255  -2.058043E-005   9.024238E-005
      -5.467258   8.433764E-005    0.0001039239
      -5.416683   8.669907E-005   9.688624E-005
      -5.358341   6.141532E-005   8.353838E-005
      -5.300000   -0.0001300048   7.536386E-005
      -5.250000  -2.331235E-005   7.519049E-005
      -5.200000   2.106894E-005   7.318986E-005
      -5.150000   8.161407E-005   7.292371E-005
      -5.100000  -1.057068E-005   7.291887E-005
      -5.050000  -9.993071E-005   6.975844E-005
      -5.000000  -7.760340E-005   7.837153E-005
      -4.950000  -9.316197E-005   8.171635E-005
      -4.900000  -5.433281E-006   8.727506E-005
      -4.850000   9.250132E-005   9.024410E-005
      -4.800000    0.0002106980    0.0001043368
      -4.750000    0.0002385651    0.0001095269
      -4.700000  -5.440909E-005   9.941488E-005
      -4.650000  -9.547591E-006   9.115580E-005
      -4.600000  -3.347476E-005   8.598142E-005
      -4.550000   1.864433E-005   8.314676E-005
      -4.500000   3.044411E-005   9.107743E-005
      -4.450000  -5.066427E-005    0.0001020124
      -4.400000  -8.564425E-005    0.0001053688
      -4.350000    0.0001213196   9.879856E-005
      -4.300000    0.0003903267   9.267832E-005
      -4.250000    0.0001896497   9.814465E-005
      -4.200000    0.0001713112    0.0001130650
      -4.150000   8.087087E-005    0.0001075643
      -4.100000   4.041673E-005   9.306338E-005
      -4.050000   2.894159E-005   9.535890E-005
      -4.000000   8.614867E-005    0.0001133785
      -3.950000   8.709944E-005    0.0001154916
      -3.900000   9.709785E-005    0.0001046871
      -3.850000  -2.421437E-005    0.0001088519
      -3.800000    0.0002938774    0.0001231795
      -3.750000  -4.799277E-005    0.0001077401
      -3.700000   8.900191E-005    0.0001134674
      -3.650000   -0.0001231987    0.0001123801
      -3.600000    0.0001317232    0.0001111462
      -3.550000  -5.147297E-005    0.0001153541
      -3.500000    0.0001540627    0.0001165669
      -3.450000   9.303662E-005    0.0001167703
      -3.400000  -9.560056E-005    0.0001211299
      -3.350000    0.0002423199    0.0001241035
      -3.300000  -3.898428E-005    0.0001261139
      -3.250000   9.853830E-005    0.0001210382
      -3.200000   8.021230E-005    0.0001210125
      -3.150000  -3.797440E-005    0.0001282948
      -3.100000    0.0002140984    0.0001184613
      -3.050000  -3.292074E-005    0.0001270061
      -3.000000    0.0002576387    0.0001377172
      -2.950000  -9.529589E-005    0.0001214025
      -2.900000    0.0001178505    0.0001296607
      -2.850000   6.304675E-005    0.0001207827
      -2.800000    0.0002786571    0.0001401230
      -2.750000   5.874318E-005    0.0001429190
      -2.700000   1.821671E-005    0.0001315648
      -2.650000   7.212978E-005    0.0001326832
      -2.600000  -2.119547E-005    0.0001405581
      -2.550000    0.0001371222    0.0001412001
      -2.500000  -7.280477E-006    0.0001253278
      -2.450000  -1.710952E-006    0.0001399872
      -2.400000    0.0001636170    0.0001551171
      -2.350000    0.0001981757    0.0001462967
      -2.300000   8.733445E-005    0.0001393189
      -2.250000    0.0001280846    0.0001479242
      -2.200000   -0.0001918136    0.0001434917
      -2.150000   -0.0001459650    0.0001377951
      -2.100000    0.0002320680    0.0001543984
      -2.050000    0.0001804499    0.0001472571
      -2.000000   9.446275E-005    0.0001545117
      -1.950000    0.0002302572    0.0001608184
      -1.900000    0.0003002691    0.0001592166
      -1.850000  -5.283683E-005    0.0001563918
      -1.800000    0.0001672949    0.0001538463
      -1.750000    0.0002053777    0.0001668612
      -1.700000   -0.0001702276    0.0001631443
      -1.650000   5.863795E-005    0.0001665812
      -1.600000  -4.828558E-005    0.0001781284
      -1.550000  -2.772408E-005    0.0001666086
      -1.500000   -0.0002497853    0.0001700339
      -1.450000   4.605639E-005    0.0001783750
      -1.400000    0.0003914995    0.0001772989
      -1.350000    0.0002927811    0.0001790147
      -1.300000    0.0001111866    0.0001775757
      -1.250000  -7.791711E-005    0.0001815519
      -1.200000   -0.0001418965    0.0001738319
      -1.150000   -0.0001262242    0.0001894522
      -1.100000    0.0002368758    0.0001879477
      -1.050000    0.0001578838    0.0001939054
      -1.000000    0.0002310002    0.0002105906
     -0.9499998    0.0001258743    0.0001967093
     -0.8999996    0.0004905243    0.0001932340
     -0.8499999    0.0001414769    0.0002092682
     -0.7999997    0.0002442985    0.0002169317
     -0.7500000  -6.403993E-005    0.0002054648
     -0.6999998    0.0002737285    0.0002091015
     -0.6499996    0.0002491062    0.0002121712
     -0.5999999   -0.0003462998    0.0002183256
     -0.5499997    0.0001508964    0.0002351625
     -0.5000000    0.0008137603    0.0002441971
     -0.4499998    0.0003512260    0.0002486595
     -0.3999996    0.0004081709    0.0002536207
     -0.3499999    0.0009694534    0.0002738845
     -0.2999997     0.001508728    0.0003089157
     -0.2500000     0.002757739    0.0003427013
     -0.1999998     0.005234263    0.0005576228
     -0.1499996      0.06984838     0.001626023
    -0.09999990       0.3948384     0.003330502
    -0.04999971       0.9452820     0.004923877
      0.0000000        1.253091     0.005650187
     0.05000019       0.9561741     0.005032744
      0.1000004       0.4283911     0.003450474
      0.1500001       0.1028847     0.001738105
      0.2000003      0.01355082    0.0007305764
      0.2500000     0.003481136    0.0004543386
      0.3000002     0.001954641    0.0003947684
      0.3500004     0.001645123    0.0003670740
      0.4000001     0.001890179    0.0003460425
      0.4500003    0.0009186977    0.0003230378
      0.5000000     0.001111991    0.0003239907
      0.5500002    0.0005966256    0.0003279709
      0.6000004    0.0009891813    0.0003287404
      0.6500001    0.0007275764    0.0003249147
      0.7000003     0.001014227    0.0003327728
      0.7500000     0.001355858    0.0003354362
      0.8000002    0.0006476941    0.0003373814
      0.8500004     0.001318304    0.0003522599
      0.9000001     0.001234355    0.0003476198
      0.9500003     0.001075481    0.0003574767
       1.000000     0.001676872    0.0003661573
       1.050000     0.001402638    0.0003693081
       1.100000     0.002641771    0.0003906070
       1.150000     0.001315499    0.0003895088
       1.200000     0.001973556    0.0003972123
       1.250000     0.002357378    0.0004062449
       1.300000     0.002239235    0.0004328229
       1.350000     0.001973423    0.0004224622
       1.400000     0.001755808    0.0004321217
       1.450000     0.002155866    0.0004499855
       1.500000     0.002213145    0.0004617670
       1.550000     0.002264582    0.0004760166
       1.600000     0.003033142    0.0005074334
       1.650000     0.001709347    0.0005021569
       1.700000     0.002887382    0.0005192847
       1.750000     0.002604778    0.0005257725
       1.800000     0.003660407    0.0005556611
       1.850000     0.003186844    0.0005569698
       1.900000     0.002728618    0.0005831199
       1.950000     0.002611280    0.0006036541
       2.000000     0.003791796    0.0006365586
       2.050000     0.005224054    0.0006707601
       2.100000     0.004421991    0.0006830593
       2.150000     0.003459048    0.0006966463
       2.200000     0.005151016    0.0007388287
       2.250000     0.004786403    0.0007614951
       2.300000     0.004163289    0.0007830543
       2.350000     0.005563762    0.0008325503
       2.400000     0.004737973    0.0008703120
       2.450000     0.004500536    0.0009011604
       2.500000     0.003982359    0.0009510930
       2.550000     0.006019586     0.001003321
       2.600000     0.006025797     0.001501396
